1#-0.5434066653251648#0.048292942345142365#[1.0, 0.0, 0.0]
1#-0.5371944308280945#-0.06631036847829819#[1.0, 0.0, 0.0]
1#-0.5567264556884766#-0.03211141750216484#[1.0, 0.0, 0.0]
1#-0.5388858318328857#-0.059569910168647766#[1.0, 0.0, 0.0]
1#-0.5485998392105103#0.06493107229471207#[1.0, 0.0, 0.0]
1#-0.45813626050949097#0.14981089532375336#[1.0, 0.0, 0.0]
1#-0.5257188677787781#0.007890057750046253#[1.0, 0.0, 0.0]
1#-0.5347117185592651#0.021757133305072784#[1.0, 0.0, 0.0]
1#-0.5489329099655151#-0.10987359285354614#[1.0, 0.0, 0.0]
1#-0.5598462820053101#-0.04926770180463791#[1.0, 0.0, 0.0]
1#-0.5305376648902893#0.10308418422937393#[1.0, 0.0, 0.0]
1#-0.5312099456787109#0.011859470047056675#[1.0, 0.0, 0.0]
1#-0.569442629814148#-0.07395820319652557#[1.0, 0.0, 0.0]
1#-0.6109892725944519#-0.09362784773111343#[1.0, 0.0, 0.0]
1#-0.5538005232810974#0.18717919290065765#[1.0, 0.0, 0.0]
1#-0.4798178970813751#0.27074703574180603#[1.0, 0.0, 0.0]
1#-0.49471890926361084#0.1535014808177948#[1.0, 0.0, 0.0]
1#-0.5139803886413574#0.051453277468681335#[1.0, 0.0, 0.0]
1#-0.4767254889011383#0.13898740708827972#[1.0, 0.0, 0.0]
1#-0.5119484066963196#0.11390762031078339#[1.0, 0.0, 0.0]
1#-0.5051326751708984#0.0378619059920311#[1.0, 0.0, 0.0]
1#-0.4801509380340576#0.09594231098890305#[1.0, 0.0, 0.0]
1#-0.5964702367782593#0.050671592354774475#[1.0, 0.0, 0.0]
1#-0.4229484796524048#0.012754719704389572#[1.0, 0.0, 0.0]
1#-0.5037729740142822#0.009091530926525593#[1.0, 0.0, 0.0]
1#-0.5160812139511108#-0.0636681392788887#[1.0, 0.0, 0.0]
1#-0.466713547706604#0.027155155315995216#[1.0, 0.0, 0.0]
1#-0.5314390659332275#0.05185779929161072#[1.0, 0.0, 0.0]
1#-0.5382135510444641#0.031654804944992065#[1.0, 0.0, 0.0]
1#-0.5292894840240479#-0.03487935662269592#[1.0, 0.0, 0.0]
1#-0.5240962505340576#-0.051517512649297714#[1.0, 0.0, 0.0]
1#-0.46457144618034363#0.04602786898612976#[1.0, 0.0, 0.0]
1#-0.5750927329063416#0.17545144259929657#[1.0, 0.0, 0.0]
1#-0.5487174987792969#0.21412262320518494#[1.0, 0.0, 0.0]
1#-0.5598462820053101#-0.04926770180463791#[1.0, 0.0, 0.0]
1#-0.5574062466621399#-0.017726212739944458#[1.0, 0.0, 0.0]
1#-0.5412645936012268#0.06716565042734146#[1.0, 0.0, 0.0]
1#-0.5598462820053101#-0.04926770180463791#[1.0, 0.0, 0.0]
1#-0.5604497790336609#-0.08782529830932617#[1.0, 0.0, 0.0]
1#-0.531889796257019#0.026244651526212692#[1.0, 0.0, 0.0]
1#0.17224562168121338#0.07765550166368484#[0.0, 1.0, 0.0]
1#0.16644896566867828#0.05573605000972748#[0.0, 1.0, 0.0]
1#0.21951255202293396#0.05335734784603119#[0.0, 1.0, 0.0]
1#0.057811714708805084#-0.17649006843566895#[0.0, 1.0, 0.0]
1#0.18790145218372345#-0.02520177885890007#[0.0, 1.0, 0.0]
1#0.09732773154973984#-0.06649994850158691#[0.0, 1.0, 0.0]
1#0.20897334814071655#0.07368921488523483#[0.0, 1.0, 0.0]
1#-0.11378951370716095#-0.1853119432926178#[0.0, 1.0, 0.0]
1#0.129499614238739#-0.005909229628741741#[0.0, 1.0, 0.0]
1#0.06014161929488182#-0.10136695951223373#[0.0, 1.0, 0.0]
1#-0.08319134265184402#-0.2671723961830139#[0.0, 1.0, 0.0]
1#0.12964476644992828#-0.006184934172779322#[0.0, 1.0, 0.0]
1#-0.013986144214868546#-0.18465912342071533#[0.0, 1.0, 0.0]
1#0.15396185219287872#-0.02610912173986435#[0.0, 1.0, 0.0]
1#0.009823683649301529#-0.04155793413519859#[0.0, 1.0, 0.0]
1#0.13871410489082336#0.04583520069718361#[0.0, 1.0, 0.0]
1#0.14861591160297394#-0.022415433079004288#[0.0, 1.0, 0.0]
1#-0.022340480238199234#-0.0889284610748291#[0.0, 1.0, 0.0]
1#0.18451732397079468#-0.16449566185474396#[0.0, 1.0, 0.0]
1#-0.012106962502002716#-0.13514922559261322#[0.0, 1.0, 0.0]
1#0.2680550217628479#0.04001152142882347#[0.0, 1.0, 0.0]
1#0.06288722157478333#-0.043936632573604584#[0.0, 1.0, 0.0]
1#0.2168082594871521#-0.10032172501087189#[0.0, 1.0, 0.0]
1#0.09748057276010513#-0.05355548486113548#[0.0, 1.0, 0.0]
1#0.09641881287097931#-0.012116316705942154#[0.0, 1.0, 0.0]
1#0.13826338946819305#0.02022203803062439#[0.0, 1.0, 0.0]
1#0.18523234128952026#-0.01674484834074974#[0.0, 1.0, 0.0]
1#0.2842380702495575#0.028654681518673897#[0.0, 1.0, 0.0]
1#0.16227488219738007#-0.025591015815734863#[0.0, 1.0, 0.0]
1#-0.07766513526439667#-0.10900582373142242#[0.0, 1.0, 0.0]
1#-0.021703336387872696#-0.15983973443508148#[0.0, 1.0, 0.0]
1#-0.06027524545788765#-0.1620774269104004#[0.0, 1.0, 0.0]
1#0.018220745027065277#-0.08076250553131104#[0.0, 1.0, 0.0]
1#0.2513175308704376#-0.07021790742874146#[0.0, 1.0, 0.0]
1#0.14297203719615936#-0.0313904769718647#[0.0, 1.0, 0.0]
1#0.17984499037265778#0.08319757878780365#[0.0, 1.0, 0.0]
1#0.19557730853557587#0.046227604150772095#[0.0, 1.0, 0.0]
1#0.11696987599134445#-0.14428050816059113#[0.0, 1.0, 0.0]
1#0.05318073555827141#-0.025045519694685936#[0.0, 1.0, 0.0]
1#0.05306926369667053#-0.13423871994018555#[0.0, 1.0, 0.0]
1#0.5927032828330994#0.09013781696557999#[0.0, 0.0, 1.0]
1#0.3339524567127228#-0.06971192359924316#[0.0, 0.0, 1.0]
1#0.4955417215824127#0.05094226077198982#[0.0, 0.0, 1.0]
1#0.35962170362472534#-0.012796567752957344#[0.0, 0.0, 1.0]
1#0.49889075756073#0.028100136667490005#[0.0, 0.0, 1.0]
1#0.5736709833145142#0.06692131608724594#[0.0, 0.0, 1.0]
1#0.19957098364830017#-0.15313570201396942#[0.0, 0.0, 1.0]
1#0.4518606960773468#0.025620071217417717#[0.0, 0.0, 1.0]
1#0.3986856937408447#-0.08119449019432068#[0.0, 0.0, 1.0]
1#0.6201326847076416#0.19297975301742554#[0.0, 0.0, 1.0]
1#0.3712761700153351#0.07048933953046799#[0.0, 0.0, 1.0]
1#0.36917540431022644#-0.044632114470005035#[0.0, 0.0, 1.0]
1#0.45049330592155457#0.041170306503772736#[0.0, 0.0, 1.0]
1#0.35615357756614685#-0.11236782371997833#[0.0, 0.0, 1.0]
1#0.4787125885486603#-0.032784607261419296#[0.0, 0.0, 1.0]
1#0.4750242829322815#0.07363754510879517#[0.0, 0.0, 1.0]
1#0.3537486791610718#0.01822674088180065#[0.0, 0.0, 1.0]
1#0.596095085144043#0.2426517903804779#[0.0, 0.0, 1.0]
1#0.6722673773765564#-0.009541119448840618#[0.0, 0.0, 1.0]
1#0.22460177540779114#-0.17808391153812408#[0.0, 0.0, 1.0]
1#0.5257166028022766#0.09238453954458237#[0.0, 0.0, 1.0]
1#0.33707231283187866#-0.05255569517612457#[0.0, 0.0, 1.0]
1#0.5609548091888428#0.025074521079659462#[0.0, 0.0, 1.0]
1#0.3003445565700531#-0.04858938977122307#[0.0, 0.0, 1.0]
1#0.4588489830493927#0.09821446985006332#[0.0, 0.0, 1.0]
1#0.4144880771636963#0.08727747946977615#[0.0, 0.0, 1.0]
1#0.28600573539733887#-0.031028637662529945#[0.0, 0.0, 1.0]
1#0.2875870168209076#0.005812556482851505#[0.0, 0.0, 1.0]
1#0.45309364795684814#-0.019953744485974312#[0.0, 0.0, 1.0]
1#0.3420867323875427#0.04055075719952583#[0.0, 0.0, 1.0]
1#0.4681887924671173#0.013987518846988678#[0.0, 0.0, 1.0]
1#0.5154495239257812#0.24807409942150116#[0.0, 0.0, 1.0]
1#0.4825199246406555#-0.01679340936243534#[0.0, 0.0, 1.0]
1#0.2279859036207199#-0.038790032267570496#[0.0, 0.0, 1.0]
1#0.24338647723197937#-0.09778998047113419#[0.0, 0.0, 1.0]
1#0.5896171927452087#0.0823427364230156#[0.0, 0.0, 1.0]
1#0.5243231654167175#0.11179371178150177#[0.0, 0.0, 1.0]
1#0.3485555350780487#0.0348648875951767#[0.0, 0.0, 1.0]
1#0.27561941742897034#0.0022476818412542343#[0.0, 0.0, 1.0]
1#0.4417983591556549#0.06770611554384232#[0.0, 0.0, 1.0]
